    cdb to send: [b8 14 00 00 00 ff 02 01 00 00 00 00]
SCSI Status: Good 

Received 120 bytes of data:
 00     00 01 00 02 00 00 00 70  04 80 00 34 00 00 00 68    .......p...4...h
 10     00 01 09 00 00 00 00 00  00 81 04 0a 53 33 30 30    ............S300
 20     30 32 4c 39 20 20 20 20  20 20 20 20 20 20 20 20    02L9            
 30     20 20 20 20 20 20 20 20  20 20 20 20 20 20 20 20                    
 40     00 00 00 00 00 02 09 00  00 00 00 00 00 81 03 ee    ................
 50     5a 32 30 30 30 31 4c 39  20 20 20 20 20 20 20 20    Z20001L9        
 60     20 20 20 20 20 20 20 20  20 20 20 20 20 20 20 20                    
 70     20 20 20 20 00 00 00 00                                 ....

