    cdb to send: [b8 10 00 00 01 00 03 01 00 00 00 00]
SCSI Status: Good 

Received 2336 bytes of data:
 00     00 00 00 2b 00 00 09 18  01 80 00 34 00 00 00 34    ...+.......4...4
 10     00 00 00 00 00 00 00 00  00 00 00 00 00 00 00 00    ................
 20     00 00 00 00 00 00 00 00  00 00 00 00 00 00 00 00    ................
 30     00 00 00 00 00 00 00 00  00 00 00 00 00 00 00 00    ................
 40     00 00 00 00 04 80 00 56  00 00 00 ac 00 01 09 00    .......V........
 50     00 00 00 00 00 81 04 0a  53 33 30 30 30 32 4c 39    ........S30002L9
 60     20 20 20 20 20 20 20 20  20 20 20 20 20 20 20 20                    
 70     20 20 20 20 20 20 20 20  20 20 20 20 02 01 00 22                ..."
 80     48 50 45 20 20 20 20 20  55 6c 74 72 69 75 6d 20    HPE     Ultrium 
 90     39 2d 53 43 53 49 20 20  38 30 33 31 42 44 43 37    9-SCSI  8031BDC7
 a0     44 31 00 02 09 00 00 00  00 00 00 81 03 ee 5a 32    D1............Z2
 b0     30 30 30 31 4c 39 20 20  20 20 20 20 20 20 20 20    0001L9          
 c0     20 20 20 20 20 20 20 20  20 20 20 20 20 20 20 20                    
 d0     20 20 02 01 00 22 48 50  45 20 20 20 20 20 55 6c      ..."HPE     Ul
 e0     74 72 69 75 6d 20 39 2d  53 43 53 49 20 20 38 30    trium 9-SCSI  80
 f0     33 31 42 44 43 37 44 42  02 80 00 34 00 00 08 20    31BDC7DB...4... 
 100    03 e9 09 00 00 00 00 00  00 02 00 00 43 4c 4e 55    ............CLNU
 110    30 31 4c 39 20 20 20 20  20 20 20 20 20 20 20 20    01L9            
 120    20 20 20 20 20 20 20 20  20 20 20 20 20 20 20 20                    
 130    00 00 00 00 03 ea 09 00  00 00 00 00 00 81 03 ea    ................
 140    53 32 30 30 30 31 4c 39  20 20 20 20 20 20 20 20    S20001L9        
 150    20 20 20 20 20 20 20 20  20 20 20 20 20 20 20 20                    
 160    20 20 20 20 00 00 00 00  03 eb 08 00 00 00 00 00        ............
 170    00 00 00 00 00 00 00 00  00 00 00 00 00 00 00 00    ................
 180    00 00 00 00 00 00 00 00  00 00 00 00 00 00 00 00    ................
 190    00 00 00 00 00 00 00 00  00 00 00 00 03 ec 09 00    ................
 1a0    00 00 00 00 00 81 03 ec  5a 31 30 30 30 32 4c 39    ........Z10002L9
 1b0    20 20 20 20 20 20 20 20  20 20 20 20 20 20 20 20                    
 1c0    20 20 20 20 20 20 20 20  20 20 20 20 00 00 00 00                ....
 1d0    03 ed 09 00 00 00 00 00  00 81 03 ed 4b 31 30 30    ............K100
 1e0    30 31 4c 39 20 20 20 20  20 20 20 20 20 20 20 20    01L9            
 1f0    20 20 20 20 20 20 20 20  20 20 20 20 20 20 20 20                    
 200    00 00 00 00 03 ee 08 00  00 00 00 00 00 00 00 00    ................
 210    00 00 00 00 00 00 00 00  00 00 00 00 00 00 00 00    ................
 220    00 00 00 00 00 00 00 00  00 00 00 00 00 00 00 00    ................
 230    00 00 00 00 00 00 00 00  03 ef 09 00 00 00 00 00    ................
 240    00 81 03 ef 5a 33 30 30  30 31 4c 39 20 20 20 20    ....Z30001L9    
 250    20 20 20 20 20 20 20 20  20 20 20 20 20 20 20 20                    
 260    20 20 20 20 20 20 20 20  00 00 00 00 03 f0 09 00            ........
 270    00 00 00 00 00 81 03 f0  53 33 30 30 30 31 4c 39    ........S30001L9
 280    20 20 20 20 20 20 20 20  20 20 20 20 20 20 20 20                    
 290    20 20 20 20 20 20 20 20  20 20 20 20 00 00 00 00                ....
 2a0    03 f1 09 00 00 00 00 00  00 81 03 f1 56 31 30 30    ............V100
 2b0    30 31 4c 39 20 20 20 20  20 20 20 20 20 20 20 20    01L9            
 2c0    20 20 20 20 20 20 20 20  20 20 20 20 20 20 20 20                    
 2d0    00 00 00 00 03 f2 09 00  00 00 00 00 00 81 03 f2    ................
 2e0    56 32 30 30 30 31 4c 39  20 20 20 20 20 20 20 20    V20001L9        
 2f0    20 20 20 20 20 20 20 20  20 20 20 20 20 20 20 20                    
 300    20 20 20 20 00 00 00 00  03 f3 09 00 00 00 00 00        ............
 310    00 81 03 f3 5a 31 30 30  30 31 4c 39 20 20 20 20    ....Z10001L9    
 320    20 20 20 20 20 20 20 20  20 20 20 20 20 20 20 20                    
 330    20 20 20 20 20 20 20 20  00 00 00 00 03 f4 08 00            ........
 340    00 00 00 00 00 00 00 00  00 00 00 00 00 00 00 00    ................
 350    00 00 00 00 00 00 00 00  00 00 00 00 00 00 00 00    ................
 360    00 00 00 00 00 00 00 00  00 00 00 00 00 00 00 00    ................
 370    03 f5 08 00 00 00 00 00  00 00 00 00 00 00 00 00    ................
 380    00 00 00 00 00 00 00 00  00 00 00 00 00 00 00 00    ................
 390    00 00 00 00 00 00 00 00  00 00 00 00 00 00 00 00    ................
 3a0    00 00 00 00 03 f6 08 00  00 00 00 00 00 00 00 00    ................
 3b0    00 00 00 00 00 00 00 00  00 00 00 00 00 00 00 00    ................
 3c0    00 00 00 00 00 00 00 00  00 00 00 00 00 00 00 00    ................
 3d0    00 00 00 00 00 00 00 00  03 f7 09 00 00 00 00 00    ................
 3e0    00 81 03 f7 4d 31 30 30  30 31 4c 39 20 20 20 20    ....M10001L9    
 3f0    20 20 20 20 20 20 20 20  20 20 20 20 20 20 20 20                    
 400    20 20 20 20 20 20 20 20  00 00 00 00 03 f8 08 00            ........
 410    00 00 00 00 00 00 00 00  00 00 00 00 00 00 00 00    ................
 420    00 00 00 00 00 00 00 00  00 00 00 00 00 00 00 00    ................
 430    00 00 00 00 00 00 00 00  00 00 00 00 00 00 00 00    ................
 440    03 f9 08 00 00 00 00 00  00 00 00 00 00 00 00 00    ................
 450    00 00 00 00 00 00 00 00  00 00 00 00 00 00 00 00    ................
 460    00 00 00 00 00 00 00 00  00 00 00 00 00 00 00 00    ................
 470    00 00 00 00 03 fa 08 00  00 00 00 00 00 00 00 00    ................
 480    00 00 00 00 00 00 00 00  00 00 00 00 00 00 00 00    ................
 490    00 00 00 00 00 00 00 00  00 00 00 00 00 00 00 00    ................
 4a0    00 00 00 00 00 00 00 00  03 fb 08 00 00 00 00 00    ................
 4b0    00 00 00 00 00 00 00 00  00 00 00 00 00 00 00 00    ................
 4c0    00 00 00 00 00 00 00 00  00 00 00 00 00 00 00 00    ................
 4d0    00 00 00 00 00 00 00 00  00 00 00 00 03 fc 08 00    ................
 4e0    00 00 00 00 00 00 00 00  00 00 00 00 00 00 00 00    ................
 4f0    00 00 00 00 00 00 00 00  00 00 00 00 00 00 00 00    ................
 500    00 00 00 00 00 00 00 00  00 00 00 00 00 00 00 00    ................
 510    03 fd 08 00 00 00 00 00  00 00 00 00 00 00 00 00    ................
 520    00 00 00 00 00 00 00 00  00 00 00 00 00 00 00 00    ................
 530    00 00 00 00 00 00 00 00  00 00 00 00 00 00 00 00    ................
 540    00 00 00 00 03 fe 08 00  00 00 00 00 00 00 00 00    ................
 550    00 00 00 00 00 00 00 00  00 00 00 00 00 00 00 00    ................
 560    00 00 00 00 00 00 00 00  00 00 00 00 00 00 00 00    ................
 570    00 00 00 00 00 00 00 00  03 ff 08 00 00 00 00 00    ................
 580    00 00 00 00 00 00 00 00  00 00 00 00 00 00 00 00    ................
 590    00 00 00 00 00 00 00 00  00 00 00 00 00 00 00 00    ................
 5a0    00 00 00 00 00 00 00 00  00 00 00 00 04 00 08 00    ................
 5b0    00 00 00 00 00 00 00 00  00 00 00 00 00 00 00 00    ................
 5c0    00 00 00 00 00 00 00 00  00 00 00 00 00 00 00 00    ................
 5d0    00 00 00 00 00 00 00 00  00 00 00 00 00 00 00 00    ................
 5e0    04 01 08 00 00 00 00 00  00 00 00 00 00 00 00 00    ................
 5f0    00 00 00 00 00 00 00 00  00 00 00 00 00 00 00 00    ................
 600    00 00 00 00 00 00 00 00  00 00 00 00 00 00 00 00    ................
 610    00 00 00 00 04 02 09 00  00 00 00 00 00 81 04 02    ................
 620    5a 32 30 30 30 32 4c 39  20 20 20 20 20 20 20 20    Z20002L9        
 630    20 20 20 20 20 20 20 20  20 20 20 20 20 20 20 20                    
 640    20 20 20 20 00 00 00 00  04 03 09 00 00 00 00 00        ............
 650    00 81 04 03 5a 33 30 30  30 32 4c 39 20 20 20 20    ....Z30002L9    
 660    20 20 20 20 20 20 20 20  20 20 20 20 20 20 20 20                    
 670    20 20 20 20 20 20 20 20  00 00 00 00 04 04 09 00            ........
 680    00 00 00 00 00 81 04 04  53 31 30 30 30 32 4c 39    ........S10002L9
 690    20 20 20 20 20 20 20 20  20 20 20 20 20 20 20 20                    
 6a0    20 20 20 20 20 20 20 20  20 20 20 20 00 00 00 00                ....
 6b0    04 05 09 00 00 00 00 00  00 81 04 05 53 31 30 30    ............S100
 6c0    30 31 4c 39 20 20 20 20  20 20 20 20 20 20 20 20    01L9            
 6d0    20 20 20 20 20 20 20 20  20 20 20 20 20 20 20 20                    
 6e0    00 00 00 00 04 06 09 00  00 00 00 00 00 81 04 06    ................
 6f0    53 31 30 30 30 33 4c 39  20 20 20 20 20 20 20 20    S10003L9        
 700    20 20 20 20 20 20 20 20  20 20 20 20 20 20 20 20                    
 710    20 20 20 20 00 00 00 00  04 07 09 00 00 00 00 00        ............
 720    00 81 04 07 53 32 30 30  30 34 4c 39 20 20 20 20    ....S20004L9    
 730    20 20 20 20 20 20 20 20  20 20 20 20 20 20 20 20                    
 740    20 20 20 20 20 20 20 20  00 00 00 00 04 08 09 00            ........
 750    00 00 00 00 00 81 04 08  53 32 30 30 30 33 4c 39    ........S20003L9
 760    20 20 20 20 20 20 20 20  20 20 20 20 20 20 20 20                    
 770    20 20 20 20 20 20 20 20  20 20 20 20 00 00 00 00                ....
 780    04 09 09 00 00 00 00 00  00 81 04 09 53 32 30 30    ............S200
 790    30 32 4c 39 20 20 20 20  20 20 20 20 20 20 20 20    02L9            
 7a0    20 20 20 20 20 20 20 20  20 20 20 20 20 20 20 20                    
 7b0    00 00 00 00 04 0a 08 00  00 00 00 00 00 00 00 00    ................
 7c0    00 00 00 00 00 00 00 00  00 00 00 00 00 00 00 00    ................
 7d0    00 00 00 00 00 00 00 00  00 00 00 00 00 00 00 00    ................
 7e0    00 00 00 00 00 00 00 00  04 0b 09 00 00 00 00 00    ................
 7f0    00 81 04 0b 53 33 30 30  30 34 4c 39 20 20 20 20    ....S30004L9    
 800    20 20 20 20 20 20 20 20  20 20 20 20 20 20 20 20                    
 810    20 20 20 20 20 20 20 20  00 00 00 00 04 0c 09 00            ........
 820    00 00 00 00 00 81 04 0c  54 31 30 30 30 31 4c 39    ........T10001L9
 830    20 20 20 20 20 20 20 20  20 20 20 20 20 20 20 20                    
 840    20 20 20 20 20 20 20 20  20 20 20 20 00 00 00 00                ....
 850    04 0d 09 00 00 00 00 00  00 81 04 0d 53 33 30 30    ............S300
 860    30 33 4c 39 20 20 20 20  20 20 20 20 20 20 20 20    03L9            
 870    20 20 20 20 20 20 20 20  20 20 20 20 20 20 20 20                    
 880    00 00 00 00 04 0e 09 00  00 00 00 00 00 81 04 0e    ................
 890    53 31 30 30 30 34 4c 39  20 20 20 20 20 20 20 20    S10004L9        
 8a0    20 20 20 20 20 20 20 20  20 20 20 20 20 20 20 20                    
 8b0    20 20 20 20 00 00 00 00  04 0f 09 00 00 00 00 00        ............
 8c0    00 01 00 00 4b 33 30 30  30 31 4c 39 20 20 20 20    ....K30001L9    
 8d0    20 20 20 20 20 20 20 20  20 20 20 20 20 20 20 20                    
 8e0    20 20 20 20 20 20 20 20  00 00 00 00 04 10 09 00            ........
 8f0    00 00 00 00 00 81 04 10  4b 32 30 30 30 31 4c 39    ........K20001L9
 900    20 20 20 20 20 20 20 20  20 20 20 20 20 20 20 20                    
 910    20 20 20 20 20 20 20 20  20 20 20 20 00 00 00 00                ....

