    cdb to send: [b8 10 00 00 01 00 03 01 00 00 00 00]
SCSI Status: Good 

Received 2336 bytes of data:
 00     00 00 00 2b 00 00 09 18  01 80 00 34 00 00 00 34    ...+.......4...4
 10     00 00 00 00 00 00 00 00  00 00 00 00 00 00 00 00    ................
 20     00 00 00 00 00 00 00 00  00 00 00 00 00 00 00 00    ................
 30     00 00 00 00 00 00 00 00  00 00 00 00 00 00 00 00    ................
 40     00 00 00 00 04 80 00 56  00 00 00 ac 00 01 09 00    .......V........
 50     00 00 00 00 00 81 04 09  45 31 30 30 34 36 4c 37    ........E10046L7
 60     20 20 20 20 20 20 20 20  20 20 20 20 20 20 20 20                    
 70     20 20 20 20 20 20 20 20  20 20 20 20 02 01 00 22                ..."
 80     48 50 20 20 20 20 20 20  55 6c 74 72 69 75 6d 20    HP      Ultrium 
 90     37 2d 53 43 53 49 20 20  38 30 33 31 42 44 43 37    7-SCSI  8031BDC7
 a0     45 35 00 02 08 00 00 00  00 00 00 00 00 00 00 00    E5..............
 b0     00 00 00 00 00 00 00 00  00 00 00 00 00 00 00 00    ................
 c0     00 00 00 00 00 00 00 00  00 00 00 00 00 00 00 00    ................
 d0     00 00 02 01 00 22 48 50  20 20 20 20 20 20 55 6c    ....."HP      Ul
 e0     74 72 69 75 6d 20 37 2d  53 43 53 49 20 20 38 30    trium 7-SCSI  80
 f0     33 31 42 44 43 37 45 46  02 80 00 34 00 00 08 20    31BDC7EF...4... 
 100    03 e9 09 00 00 00 00 00  00 81 03 ec 52 31 30 31    ............R101
 110    31 34 4c 37 20 20 20 20  20 20 20 20 20 20 20 20    14L7            
 120    20 20 20 20 20 20 20 20  20 20 20 20 20 20 20 20                    
 130    00 00 00 00 03 ea 09 00  00 00 00 00 00 81 03 f2    ................
 140    52 31 30 31 30 38 4c 37  20 20 20 20 20 20 20 20    R10108L7        
 150    20 20 20 20 20 20 20 20  20 20 20 20 20 20 20 20                    
 160    20 20 20 20 00 00 00 00  03 eb 09 00 00 00 00 00        ............
 170    00 81 04 0d 43 31 36 34  33 39 4c 36 20 20 20 20    ....C16439L6    
 180    20 20 20 20 20 20 20 20  20 20 20 20 20 20 20 20                    
 190    20 20 20 20 20 20 20 20  00 00 00 00 03 ec 09 00            ........
 1a0    00 00 00 00 00 81 04 0c  52 31 30 32 30 31 4c 37    ........R10201L7
 1b0    20 20 20 20 20 20 20 20  20 20 20 20 20 20 20 20                    
 1c0    20 20 20 20 20 20 20 20  20 20 20 20 00 00 00 00                ....
 1d0    03 ed 09 00 00 00 00 00  00 81 03 ec 43 31 36 31    ............C161
 1e0    32 39 4c 36 20 20 20 20  20 20 20 20 20 20 20 20    29L6            
 1f0    20 20 20 20 20 20 20 20  20 20 20 20 20 20 20 20                    
 200    00 00 00 00 03 ee 09 00  00 00 00 00 00 81 04 0a    ................
 210    45 31 30 30 37 39 4c 37  20 20 20 20 20 20 20 20    E10079L7        
 220    20 20 20 20 20 20 20 20  20 20 20 20 20 20 20 20                    
 230    20 20 20 20 00 00 00 00  03 ef 09 00 00 00 00 00        ............
 240    00 81 04 09 52 31 30 31  39 30 4c 37 20 20 20 20    ....R10190L7    
 250    20 20 20 20 20 20 20 20  20 20 20 20 20 20 20 20                    
 260    20 20 20 20 20 20 20 20  00 00 00 00 03 f0 09 00            ........
 270    00 00 00 00 00 81 04 0d  43 31 36 30 30 39 4c 36    ........C16009L6
 280    20 20 20 20 20 20 20 20  20 20 20 20 20 20 20 20                    
 290    20 20 20 20 20 20 20 20  20 20 20 20 00 00 00 00                ....
 2a0    03 f1 09 00 00 00 00 00  00 81 03 f1 52 31 30 31    ............R101
 2b0    39 38 4c 37 20 20 20 20  20 20 20 20 20 20 20 20    98L7            
 2c0    20 20 20 20 20 20 20 20  20 20 20 20 20 20 20 20                    
 2d0    00 00 00 00 03 f2 09 00  00 00 00 00 00 81 04 07    ................
 2e0    52 31 30 32 30 33 4c 37  20 20 20 20 20 20 20 20    R10203L7        
 2f0    20 20 20 20 20 20 20 20  20 20 20 20 20 20 20 20                    
 300    20 20 20 20 00 00 00 00  03 f3 09 00 00 00 00 00        ............
 310    00 81 04 0e 43 31 36 39  38 35 4c 36 20 20 20 20    ....C16985L6    
 320    20 20 20 20 20 20 20 20  20 20 20 20 20 20 20 20                    
 330    20 20 20 20 20 20 20 20  00 00 00 00 03 f4 09 00            ........
 340    00 00 00 00 00 81 04 02  45 31 30 30 31 31 4c 37    ........E10011L7
 350    20 20 20 20 20 20 20 20  20 20 20 20 20 20 20 20                    
 360    20 20 20 20 20 20 20 20  20 20 20 20 00 00 00 00                ....
 370    03 f5 09 00 00 00 00 00  00 81 04 0a 52 31 30 30    ............R100
 380    39 37 4c 37 20 20 20 20  20 20 20 20 20 20 20 20    97L7            
 390    20 20 20 20 20 20 20 20  20 20 20 20 20 20 20 20                    
 3a0    00 00 00 00 03 f6 09 00  00 00 00 00 00 81 04 0c    ................
 3b0    43 31 36 30 30 37 4c 36  20 20 20 20 20 20 20 20    C16007L6        
 3c0    20 20 20 20 20 20 20 20  20 20 20 20 20 20 20 20                    
 3d0    20 20 20 20 00 00 00 00  03 f7 09 00 00 00 00 00        ............
 3e0    00 81 04 09 52 31 30 31  30 30 4c 37 20 20 20 20    ....R10100L7    
 3f0    20 20 20 20 20 20 20 20  20 20 20 20 20 20 20 20                    
 400    20 20 20 20 20 20 20 20  00 00 00 00 03 f8 09 00            ........
 410    00 00 00 00 00 81 04 10  45 31 30 30 33 35 4c 37    ........E10035L7
 420    20 20 20 20 20 20 20 20  20 20 20 20 20 20 20 20                    
 430    20 20 20 20 20 20 20 20  20 20 20 20 00 00 00 00                ....
 440    03 f9 09 00 00 00 00 00  00 81 04 03 45 31 30 30    ............E100
 450    33 34 4c 37 20 20 20 20  20 20 20 20 20 20 20 20    34L7            
 460    20 20 20 20 20 20 20 20  20 20 20 20 20 20 20 20                    
 470    00 00 00 00 03 fa 09 00  00 00 00 00 00 81 04 0f    ................
 480    45 31 30 30 34 30 4c 37  20 20 20 20 20 20 20 20    E10040L7        
 490    20 20 20 20 20 20 20 20  20 20 20 20 20 20 20 20                    
 4a0    20 20 20 20 00 00 00 00  03 fb 08 00 00 00 00 00        ............
 4b0    00 00 00 00 00 00 00 00  00 00 00 00 00 00 00 00    ................
 4c0    00 00 00 00 00 00 00 00  00 00 00 00 00 00 00 00    ................
 4d0    00 00 00 00 00 00 00 00  00 00 00 00 03 fc 09 00    ................
 4e0    00 00 00 00 00 81 04 0b  45 31 30 30 33 37 4c 37    ........E10037L7
 4f0    20 20 20 20 20 20 20 20  20 20 20 20 20 20 20 20                    
 500    20 20 20 20 20 20 20 20  20 20 20 20 00 00 00 00                ....
 510    03 fd 08 00 00 00 00 00  00 00 00 00 00 00 00 00    ................
 520    00 00 00 00 00 00 00 00  00 00 00 00 00 00 00 00    ................
 530    00 00 00 00 00 00 00 00  00 00 00 00 00 00 00 00    ................
 540    00 00 00 00 03 fe 08 00  00 00 00 00 00 00 00 00    ................
 550    00 00 00 00 00 00 00 00  00 00 00 00 00 00 00 00    ................
 560    00 00 00 00 00 00 00 00  00 00 00 00 00 00 00 00    ................
 570    00 00 00 00 00 00 00 00  03 ff 08 00 00 00 00 00    ................
 580    00 00 00 00 00 00 00 00  00 00 00 00 00 00 00 00    ................
 590    00 00 00 00 00 00 00 00  00 00 00 00 00 00 00 00    ................
 5a0    00 00 00 00 00 00 00 00  00 00 00 00 04 00 08 00    ................
 5b0    00 00 00 00 00 00 00 00  00 00 00 00 00 00 00 00    ................
 5c0    00 00 00 00 00 00 00 00  00 00 00 00 00 00 00 00    ................
 5d0    00 00 00 00 00 00 00 00  00 00 00 00 00 00 00 00    ................
 5e0    04 01 08 00 00 00 00 00  00 00 00 00 00 00 00 00    ................
 5f0    00 00 00 00 00 00 00 00  00 00 00 00 00 00 00 00    ................
 600    00 00 00 00 00 00 00 00  00 00 00 00 00 00 00 00    ................
 610    00 00 00 00 04 02 08 00  00 00 00 00 00 00 00 00    ................
 620    00 00 00 00 00 00 00 00  00 00 00 00 00 00 00 00    ................
 630    00 00 00 00 00 00 00 00  00 00 00 00 00 00 00 00    ................
 640    00 00 00 00 00 00 00 00  04 03 08 00 00 00 00 00    ................
 650    00 00 00 00 00 00 00 00  00 00 00 00 00 00 00 00    ................
 660    00 00 00 00 00 00 00 00  00 00 00 00 00 00 00 00    ................
 670    00 00 00 00 00 00 00 00  00 00 00 00 04 04 08 00    ................
 680    00 00 00 00 00 00 00 00  00 00 00 00 00 00 00 00    ................
 690    00 00 00 00 00 00 00 00  00 00 00 00 00 00 00 00    ................
 6a0    00 00 00 00 00 00 00 00  00 00 00 00 00 00 00 00    ................
 6b0    04 05 08 00 00 00 00 00  00 00 00 00 00 00 00 00    ................
 6c0    00 00 00 00 00 00 00 00  00 00 00 00 00 00 00 00    ................
 6d0    00 00 00 00 00 00 00 00  00 00 00 00 00 00 00 00    ................
 6e0    00 00 00 00 04 06 08 00  00 00 00 00 00 00 00 00    ................
 6f0    00 00 00 00 00 00 00 00  00 00 00 00 00 00 00 00    ................
 700    00 00 00 00 00 00 00 00  00 00 00 00 00 00 00 00    ................
 710    00 00 00 00 00 00 00 00  04 07 08 00 00 00 00 00    ................
 720    00 00 00 00 00 00 00 00  00 00 00 00 00 00 00 00    ................
 730    00 00 00 00 00 00 00 00  00 00 00 00 00 00 00 00    ................
 740    00 00 00 00 00 00 00 00  00 00 00 00 04 08 08 00    ................
 750    00 00 00 00 00 00 00 00  00 00 00 00 00 00 00 00    ................
 760    00 00 00 00 00 00 00 00  00 00 00 00 00 00 00 00    ................
 770    00 00 00 00 00 00 00 00  00 00 00 00 00 00 00 00    ................
 780    04 09 08 00 00 00 00 00  00 00 00 00 00 00 00 00    ................
 790    00 00 00 00 00 00 00 00  00 00 00 00 00 00 00 00    ................
 7a0    00 00 00 00 00 00 00 00  00 00 00 00 00 00 00 00    ................
 7b0    00 00 00 00 04 0a 08 00  00 00 00 00 00 00 00 00    ................
 7c0    00 00 00 00 00 00 00 00  00 00 00 00 00 00 00 00    ................
 7d0    00 00 00 00 00 00 00 00  00 00 00 00 00 00 00 00    ................
 7e0    00 00 00 00 00 00 00 00  04 0b 08 00 00 00 00 00    ................
 7f0    00 00 00 00 00 00 00 00  00 00 00 00 00 00 00 00    ................
 800    00 00 00 00 00 00 00 00  00 00 00 00 00 00 00 00    ................
 810    00 00 00 00 00 00 00 00  00 00 00 00 04 0c 08 00    ................
 820    00 00 00 00 00 00 00 00  00 00 00 00 00 00 00 00    ................
 830    00 00 00 00 00 00 00 00  00 00 00 00 00 00 00 00    ................
 840    00 00 00 00 00 00 00 00  00 00 00 00 00 00 00 00    ................
 850    04 0d 08 00 00 00 00 00  00 00 00 00 00 00 00 00    ................
 860    00 00 00 00 00 00 00 00  00 00 00 00 00 00 00 00    ................
 870    00 00 00 00 00 00 00 00  00 00 00 00 00 00 00 00    ................
 880    00 00 00 00 04 0e 08 00  00 00 00 00 00 00 00 00    ................
 890    00 00 00 00 00 00 00 00  00 00 00 00 00 00 00 00    ................
 8a0    00 00 00 00 00 00 00 00  00 00 00 00 00 00 00 00    ................
 8b0    00 00 00 00 00 00 00 00  04 0f 08 00 00 00 00 00    ................
 8c0    00 00 00 00 00 00 00 00  00 00 00 00 00 00 00 00    ................
 8d0    00 00 00 00 00 00 00 00  00 00 00 00 00 00 00 00    ................
 8e0    00 00 00 00 00 00 00 00  00 00 00 00 04 10 08 00    ................
 8f0    00 00 00 00 00 00 00 00  00 00 00 00 00 00 00 00    ................
 900    00 00 00 00 00 00 00 00  00 00 00 00 00 00 00 00    ................
 910    00 00 00 00 00 00 00 00  00 00 00 00 00 00 00 00    ................

