    cdb to send: [b8 14 00 00 00 ff 02 01 00 00 00 00]
SCSI Status: Good 

Received 120 bytes of data:
 00     00 01 00 02 00 00 00 70  04 80 00 34 00 00 00 68    .......p...4...h
 10     00 01 09 00 00 00 00 00  00 81 04 09 45 31 30 30    ............E100
 20     34 36 4c 37 20 20 20 20  20 20 20 20 20 20 20 20    46L7            
 30     20 20 20 20 20 20 20 20  20 20 20 20 20 20 20 20                    
 40     00 00 00 00 00 02 08 00  00 00 00 00 00 00 00 00    ................
 50     00 00 00 00 00 00 00 00  00 00 00 00 00 00 00 00    ................
 60     00 00 00 00 00 00 00 00  00 00 00 00 00 00 00 00    ................
 70     00 00 00 00 00 00 00 00                             ........

