    cdb to send: [b8 10 00 00 ff ff 02 ff ff 00 00 00]
SCSI Status: Good 

Received 2268 bytes of data:
 00     00 00 00 2b 00 00 08 d4  01 80 00 34 00 00 00 34    ...+.......4...4
 10     00 00 00 00 00 00 00 00  00 00 00 00 00 00 00 00    ................
 20     00 00 00 00 00 00 00 00  00 00 00 00 00 00 00 00    ................
 30     00 00 00 00 00 00 00 00  00 00 00 00 00 00 00 00    ................
 40     00 00 00 00 04 80 00 34  00 00 00 68 00 01 09 00    .......4...h....
 50     00 00 00 00 00 81 04 09  45 31 30 30 34 36 4c 37    ........E10046L7
 60     20 20 20 20 20 20 20 20  20 20 20 20 20 20 20 20                    
 70     20 20 20 20 20 20 20 20  20 20 20 20 00 00 00 00                ....
 80     00 02 08 00 00 00 00 00  00 00 00 00 00 00 00 00    ................
 90     00 00 00 00 00 00 00 00  00 00 00 00 00 00 00 00    ................
 a0     00 00 00 00 00 00 00 00  00 00 00 00 00 00 00 00    ................
 b0     00 00 00 00 02 80 00 34  00 00 08 20 03 e9 09 00    .......4... ....
 c0     00 00 00 00 00 81 03 ec  52 31 30 31 31 34 4c 37    ........R10114L7
 d0     20 20 20 20 20 20 20 20  20 20 20 20 20 20 20 20                    
 e0     20 20 20 20 20 20 20 20  20 20 20 20 00 00 00 00                ....
 f0     03 ea 09 00 00 00 00 00  00 81 03 f2 52 31 30 31    ............R101
 100    30 38 4c 37 20 20 20 20  20 20 20 20 20 20 20 20    08L7            
 110    20 20 20 20 20 20 20 20  20 20 20 20 20 20 20 20                    
 120    00 00 00 00 03 eb 09 00  00 00 00 00 00 81 04 0d    ................
 130    43 31 36 34 33 39 4c 36  20 20 20 20 20 20 20 20    C16439L6        
 140    20 20 20 20 20 20 20 20  20 20 20 20 20 20 20 20                    
 150    20 20 20 20 00 00 00 00  03 ec 09 00 00 00 00 00        ............
 160    00 81 04 0c 52 31 30 32  30 31 4c 37 20 20 20 20    ....R10201L7    
 170    20 20 20 20 20 20 20 20  20 20 20 20 20 20 20 20                    
 180    20 20 20 20 20 20 20 20  00 00 00 00 03 ed 09 00            ........
 190    00 00 00 00 00 81 03 ec  43 31 36 31 32 39 4c 36    ........C16129L6
 1a0    20 20 20 20 20 20 20 20  20 20 20 20 20 20 20 20                    
 1b0    20 20 20 20 20 20 20 20  20 20 20 20 00 00 00 00                ....
 1c0    03 ee 09 00 00 00 00 00  00 81 04 0a 45 31 30 30    ............E100
 1d0    37 39 4c 37 20 20 20 20  20 20 20 20 20 20 20 20    79L7            
 1e0    20 20 20 20 20 20 20 20  20 20 20 20 20 20 20 20                    
 1f0    00 00 00 00 03 ef 09 00  00 00 00 00 00 81 04 09    ................
 200    52 31 30 31 39 30 4c 37  20 20 20 20 20 20 20 20    R10190L7        
 210    20 20 20 20 20 20 20 20  20 20 20 20 20 20 20 20                    
 220    20 20 20 20 00 00 00 00  03 f0 09 00 00 00 00 00        ............
 230    00 81 04 0d 43 31 36 30  30 39 4c 36 20 20 20 20    ....C16009L6    
 240    20 20 20 20 20 20 20 20  20 20 20 20 20 20 20 20                    
 250    20 20 20 20 20 20 20 20  00 00 00 00 03 f1 09 00            ........
 260    00 00 00 00 00 81 03 f1  52 31 30 31 39 38 4c 37    ........R10198L7
 270    20 20 20 20 20 20 20 20  20 20 20 20 20 20 20 20                    
 280    20 20 20 20 20 20 20 20  20 20 20 20 00 00 00 00                ....
 290    03 f2 09 00 00 00 00 00  00 81 04 07 52 31 30 32    ............R102
 2a0    30 33 4c 37 20 20 20 20  20 20 20 20 20 20 20 20    03L7            
 2b0    20 20 20 20 20 20 20 20  20 20 20 20 20 20 20 20                    
 2c0    00 00 00 00 03 f3 09 00  00 00 00 00 00 81 04 0e    ................
 2d0    43 31 36 39 38 35 4c 36  20 20 20 20 20 20 20 20    C16985L6        
 2e0    20 20 20 20 20 20 20 20  20 20 20 20 20 20 20 20                    
 2f0    20 20 20 20 00 00 00 00  03 f4 09 00 00 00 00 00        ............
 300    00 81 04 02 45 31 30 30  31 31 4c 37 20 20 20 20    ....E10011L7    
 310    20 20 20 20 20 20 20 20  20 20 20 20 20 20 20 20                    
 320    20 20 20 20 20 20 20 20  00 00 00 00 03 f5 09 00            ........
 330    00 00 00 00 00 81 04 0a  52 31 30 30 39 37 4c 37    ........R10097L7
 340    20 20 20 20 20 20 20 20  20 20 20 20 20 20 20 20                    
 350    20 20 20 20 20 20 20 20  20 20 20 20 00 00 00 00                ....
 360    03 f6 09 00 00 00 00 00  00 81 04 0c 43 31 36 30    ............C160
 370    30 37 4c 36 20 20 20 20  20 20 20 20 20 20 20 20    07L6            
 380    20 20 20 20 20 20 20 20  20 20 20 20 20 20 20 20                    
 390    00 00 00 00 03 f7 09 00  00 00 00 00 00 81 04 09    ................
 3a0    52 31 30 31 30 30 4c 37  20 20 20 20 20 20 20 20    R10100L7        
 3b0    20 20 20 20 20 20 20 20  20 20 20 20 20 20 20 20                    
 3c0    20 20 20 20 00 00 00 00  03 f8 09 00 00 00 00 00        ............
 3d0    00 81 04 10 45 31 30 30  33 35 4c 37 20 20 20 20    ....E10035L7    
 3e0    20 20 20 20 20 20 20 20  20 20 20 20 20 20 20 20                    
 3f0    20 20 20 20 20 20 20 20  00 00 00 00 03 f9 09 00            ........
 400    00 00 00 00 00 81 04 03  45 31 30 30 33 34 4c 37    ........E10034L7
 410    20 20 20 20 20 20 20 20  20 20 20 20 20 20 20 20                    
 420    20 20 20 20 20 20 20 20  20 20 20 20 00 00 00 00                ....
 430    03 fa 09 00 00 00 00 00  00 81 04 0f 45 31 30 30    ............E100
 440    34 30 4c 37 20 20 20 20  20 20 20 20 20 20 20 20    40L7            
 450    20 20 20 20 20 20 20 20  20 20 20 20 20 20 20 20                    
 460    00 00 00 00 03 fb 08 00  00 00 00 00 00 00 00 00    ................
 470    00 00 00 00 00 00 00 00  00 00 00 00 00 00 00 00    ................
 480    00 00 00 00 00 00 00 00  00 00 00 00 00 00 00 00    ................
 490    00 00 00 00 00 00 00 00  03 fc 09 00 00 00 00 00    ................
 4a0    00 81 04 0b 45 31 30 30  33 37 4c 37 20 20 20 20    ....E10037L7    
 4b0    20 20 20 20 20 20 20 20  20 20 20 20 20 20 20 20                    
 4c0    20 20 20 20 20 20 20 20  00 00 00 00 03 fd 08 00            ........
 4d0    00 00 00 00 00 00 00 00  00 00 00 00 00 00 00 00    ................
 4e0    00 00 00 00 00 00 00 00  00 00 00 00 00 00 00 00    ................
 4f0    00 00 00 00 00 00 00 00  00 00 00 00 00 00 00 00    ................
 500    03 fe 08 00 00 00 00 00  00 00 00 00 00 00 00 00    ................
 510    00 00 00 00 00 00 00 00  00 00 00 00 00 00 00 00    ................
 520    00 00 00 00 00 00 00 00  00 00 00 00 00 00 00 00    ................
 530    00 00 00 00 03 ff 08 00  00 00 00 00 00 00 00 00    ................
 540    00 00 00 00 00 00 00 00  00 00 00 00 00 00 00 00    ................
 550    00 00 00 00 00 00 00 00  00 00 00 00 00 00 00 00    ................
 560    00 00 00 00 00 00 00 00  04 00 08 00 00 00 00 00    ................
 570    00 00 00 00 00 00 00 00  00 00 00 00 00 00 00 00    ................
 580    00 00 00 00 00 00 00 00  00 00 00 00 00 00 00 00    ................
 590    00 00 00 00 00 00 00 00  00 00 00 00 04 01 08 00    ................
 5a0    00 00 00 00 00 00 00 00  00 00 00 00 00 00 00 00    ................
 5b0    00 00 00 00 00 00 00 00  00 00 00 00 00 00 00 00    ................
 5c0    00 00 00 00 00 00 00 00  00 00 00 00 00 00 00 00    ................
 5d0    04 02 08 00 00 00 00 00  00 00 00 00 00 00 00 00    ................
 5e0    00 00 00 00 00 00 00 00  00 00 00 00 00 00 00 00    ................
 5f0    00 00 00 00 00 00 00 00  00 00 00 00 00 00 00 00    ................
 600    00 00 00 00 04 03 08 00  00 00 00 00 00 00 00 00    ................
 610    00 00 00 00 00 00 00 00  00 00 00 00 00 00 00 00    ................
 620    00 00 00 00 00 00 00 00  00 00 00 00 00 00 00 00    ................
 630    00 00 00 00 00 00 00 00  04 04 08 00 00 00 00 00    ................
 640    00 00 00 00 00 00 00 00  00 00 00 00 00 00 00 00    ................
 650    00 00 00 00 00 00 00 00  00 00 00 00 00 00 00 00    ................
 660    00 00 00 00 00 00 00 00  00 00 00 00 04 05 08 00    ................
 670    00 00 00 00 00 00 00 00  00 00 00 00 00 00 00 00    ................
 680    00 00 00 00 00 00 00 00  00 00 00 00 00 00 00 00    ................
 690    00 00 00 00 00 00 00 00  00 00 00 00 00 00 00 00    ................
 6a0    04 06 08 00 00 00 00 00  00 00 00 00 00 00 00 00    ................
 6b0    00 00 00 00 00 00 00 00  00 00 00 00 00 00 00 00    ................
 6c0    00 00 00 00 00 00 00 00  00 00 00 00 00 00 00 00    ................
 6d0    00 00 00 00 04 07 08 00  00 00 00 00 00 00 00 00    ................
 6e0    00 00 00 00 00 00 00 00  00 00 00 00 00 00 00 00    ................
 6f0    00 00 00 00 00 00 00 00  00 00 00 00 00 00 00 00    ................
 700    00 00 00 00 00 00 00 00  04 08 08 00 00 00 00 00    ................
 710    00 00 00 00 00 00 00 00  00 00 00 00 00 00 00 00    ................
 720    00 00 00 00 00 00 00 00  00 00 00 00 00 00 00 00    ................
 730    00 00 00 00 00 00 00 00  00 00 00 00 04 09 08 00    ................
 740    00 00 00 00 00 00 00 00  00 00 00 00 00 00 00 00    ................
 750    00 00 00 00 00 00 00 00  00 00 00 00 00 00 00 00    ................
 760    00 00 00 00 00 00 00 00  00 00 00 00 00 00 00 00    ................
 770    04 0a 08 00 00 00 00 00  00 00 00 00 00 00 00 00    ................
 780    00 00 00 00 00 00 00 00  00 00 00 00 00 00 00 00    ................
 790    00 00 00 00 00 00 00 00  00 00 00 00 00 00 00 00    ................
 7a0    00 00 00 00 04 0b 08 00  00 00 00 00 00 00 00 00    ................
 7b0    00 00 00 00 00 00 00 00  00 00 00 00 00 00 00 00    ................
 7c0    00 00 00 00 00 00 00 00  00 00 00 00 00 00 00 00    ................
 7d0    00 00 00 00 00 00 00 00  04 0c 08 00 00 00 00 00    ................
 7e0    00 00 00 00 00 00 00 00  00 00 00 00 00 00 00 00    ................
 7f0    00 00 00 00 00 00 00 00  00 00 00 00 00 00 00 00    ................
 800    00 00 00 00 00 00 00 00  00 00 00 00 04 0d 08 00    ................
 810    00 00 00 00 00 00 00 00  00 00 00 00 00 00 00 00    ................
 820    00 00 00 00 00 00 00 00  00 00 00 00 00 00 00 00    ................
 830    00 00 00 00 00 00 00 00  00 00 00 00 00 00 00 00    ................
 840    04 0e 08 00 00 00 00 00  00 00 00 00 00 00 00 00    ................
 850    00 00 00 00 00 00 00 00  00 00 00 00 00 00 00 00    ................
 860    00 00 00 00 00 00 00 00  00 00 00 00 00 00 00 00    ................
 870    00 00 00 00 04 0f 08 00  00 00 00 00 00 00 00 00    ................
 880    00 00 00 00 00 00 00 00  00 00 00 00 00 00 00 00    ................
 890    00 00 00 00 00 00 00 00  00 00 00 00 00 00 00 00    ................
 8a0    00 00 00 00 00 00 00 00  04 10 08 00 00 00 00 00    ................
 8b0    00 00 00 00 00 00 00 00  00 00 00 00 00 00 00 00    ................
 8c0    00 00 00 00 00 00 00 00  00 00 00 00 00 00 00 00    ................
 8d0    00 00 00 00 00 00 00 00  00 00 00 00                ............

