    cdb to send: [b8 10 00 00 01 00 02 01 00 00 00 00]
SCSI Status: Good 

Received 2268 bytes of data:
 00     00 00 00 2b 00 00 08 d4  01 80 00 34 00 00 00 34    ...+.......4...4
 10     00 00 00 00 00 00 00 00  00 00 00 00 00 00 00 00    ................
 20     00 00 00 00 00 00 00 00  00 00 00 00 00 00 00 00    ................
 30     00 00 00 00 00 00 00 00  00 00 00 00 00 00 00 00    ................
 40     00 00 00 00 04 80 00 34  00 00 00 68 00 01 09 00    .......4...h....
 50     00 00 00 00 00 81 04 0a  53 33 30 30 30 32 4c 39    ........S30002L9
 60     20 20 20 20 20 20 20 20  20 20 20 20 20 20 20 20                    
 70     20 20 20 20 20 20 20 20  20 20 20 20 00 00 00 00                ....
 80     00 02 09 00 00 00 00 00  00 81 03 ee 5a 32 30 30    ............Z200
 90     30 31 4c 39 20 20 20 20  20 20 20 20 20 20 20 20    01L9            
 a0     20 20 20 20 20 20 20 20  20 20 20 20 20 20 20 20                    
 b0     00 00 00 00 02 80 00 34  00 00 08 20 03 e9 09 00    .......4... ....
 c0     00 00 00 00 00 02 00 00  43 4c 4e 55 30 31 4c 39    ........CLNU01L9
 d0     20 20 20 20 20 20 20 20  20 20 20 20 20 20 20 20                    
 e0     20 20 20 20 20 20 20 20  20 20 20 20 00 00 00 00                ....
 f0     03 ea 09 00 00 00 00 00  00 81 03 ea 53 32 30 30    ............S200
 100    30 31 4c 39 20 20 20 20  20 20 20 20 20 20 20 20    01L9            
 110    20 20 20 20 20 20 20 20  20 20 20 20 20 20 20 20                    
 120    00 00 00 00 03 eb 08 00  00 00 00 00 00 00 00 00    ................
 130    00 00 00 00 00 00 00 00  00 00 00 00 00 00 00 00    ................
 140    00 00 00 00 00 00 00 00  00 00 00 00 00 00 00 00    ................
 150    00 00 00 00 00 00 00 00  03 ec 09 00 00 00 00 00    ................
 160    00 81 03 ec 5a 31 30 30  30 32 4c 39 20 20 20 20    ....Z10002L9    
 170    20 20 20 20 20 20 20 20  20 20 20 20 20 20 20 20                    
 180    20 20 20 20 20 20 20 20  00 00 00 00 03 ed 09 00            ........
 190    00 00 00 00 00 81 03 ed  4b 31 30 30 30 31 4c 39    ........K10001L9
 1a0    20 20 20 20 20 20 20 20  20 20 20 20 20 20 20 20                    
 1b0    20 20 20 20 20 20 20 20  20 20 20 20 00 00 00 00                ....
 1c0    03 ee 08 00 00 00 00 00  00 00 00 00 00 00 00 00    ................
 1d0    00 00 00 00 00 00 00 00  00 00 00 00 00 00 00 00    ................
 1e0    00 00 00 00 00 00 00 00  00 00 00 00 00 00 00 00    ................
 1f0    00 00 00 00 03 ef 09 00  00 00 00 00 00 81 03 ef    ................
 200    5a 33 30 30 30 31 4c 39  20 20 20 20 20 20 20 20    Z30001L9        
 210    20 20 20 20 20 20 20 20  20 20 20 20 20 20 20 20                    
 220    20 20 20 20 00 00 00 00  03 f0 09 00 00 00 00 00        ............
 230    00 81 03 f0 53 33 30 30  30 31 4c 39 20 20 20 20    ....S30001L9    
 240    20 20 20 20 20 20 20 20  20 20 20 20 20 20 20 20                    
 250    20 20 20 20 20 20 20 20  00 00 00 00 03 f1 09 00            ........
 260    00 00 00 00 00 81 03 f1  56 31 30 30 30 31 4c 39    ........V10001L9
 270    20 20 20 20 20 20 20 20  20 20 20 20 20 20 20 20                    
 280    20 20 20 20 20 20 20 20  20 20 20 20 00 00 00 00                ....
 290    03 f2 09 00 00 00 00 00  00 81 03 f2 56 32 30 30    ............V200
 2a0    30 31 4c 39 20 20 20 20  20 20 20 20 20 20 20 20    01L9            
 2b0    20 20 20 20 20 20 20 20  20 20 20 20 20 20 20 20                    
 2c0    00 00 00 00 03 f3 09 00  00 00 00 00 00 81 03 f3    ................
 2d0    5a 31 30 30 30 31 4c 39  20 20 20 20 20 20 20 20    Z10001L9        
 2e0    20 20 20 20 20 20 20 20  20 20 20 20 20 20 20 20                    
 2f0    20 20 20 20 00 00 00 00  03 f4 08 00 00 00 00 00        ............
 300    00 00 00 00 00 00 00 00  00 00 00 00 00 00 00 00    ................
 310    00 00 00 00 00 00 00 00  00 00 00 00 00 00 00 00    ................
 320    00 00 00 00 00 00 00 00  00 00 00 00 03 f5 08 00    ................
 330    00 00 00 00 00 00 00 00  00 00 00 00 00 00 00 00    ................
 340    00 00 00 00 00 00 00 00  00 00 00 00 00 00 00 00    ................
 350    00 00 00 00 00 00 00 00  00 00 00 00 00 00 00 00    ................
 360    03 f6 08 00 00 00 00 00  00 00 00 00 00 00 00 00    ................
 370    00 00 00 00 00 00 00 00  00 00 00 00 00 00 00 00    ................
 380    00 00 00 00 00 00 00 00  00 00 00 00 00 00 00 00    ................
 390    00 00 00 00 03 f7 09 00  00 00 00 00 00 81 03 f7    ................
 3a0    4d 31 30 30 30 31 4c 39  20 20 20 20 20 20 20 20    M10001L9        
 3b0    20 20 20 20 20 20 20 20  20 20 20 20 20 20 20 20                    
 3c0    20 20 20 20 00 00 00 00  03 f8 08 00 00 00 00 00        ............
 3d0    00 00 00 00 00 00 00 00  00 00 00 00 00 00 00 00    ................
 3e0    00 00 00 00 00 00 00 00  00 00 00 00 00 00 00 00    ................
 3f0    00 00 00 00 00 00 00 00  00 00 00 00 03 f9 08 00    ................
 400    00 00 00 00 00 00 00 00  00 00 00 00 00 00 00 00    ................
 410    00 00 00 00 00 00 00 00  00 00 00 00 00 00 00 00    ................
 420    00 00 00 00 00 00 00 00  00 00 00 00 00 00 00 00    ................
 430    03 fa 08 00 00 00 00 00  00 00 00 00 00 00 00 00    ................
 440    00 00 00 00 00 00 00 00  00 00 00 00 00 00 00 00    ................
 450    00 00 00 00 00 00 00 00  00 00 00 00 00 00 00 00    ................
 460    00 00 00 00 03 fb 08 00  00 00 00 00 00 00 00 00    ................
 470    00 00 00 00 00 00 00 00  00 00 00 00 00 00 00 00    ................
 480    00 00 00 00 00 00 00 00  00 00 00 00 00 00 00 00    ................
 490    00 00 00 00 00 00 00 00  03 fc 08 00 00 00 00 00    ................
 4a0    00 00 00 00 00 00 00 00  00 00 00 00 00 00 00 00    ................
 4b0    00 00 00 00 00 00 00 00  00 00 00 00 00 00 00 00    ................
 4c0    00 00 00 00 00 00 00 00  00 00 00 00 03 fd 08 00    ................
 4d0    00 00 00 00 00 00 00 00  00 00 00 00 00 00 00 00    ................
 4e0    00 00 00 00 00 00 00 00  00 00 00 00 00 00 00 00    ................
 4f0    00 00 00 00 00 00 00 00  00 00 00 00 00 00 00 00    ................
 500    03 fe 08 00 00 00 00 00  00 00 00 00 00 00 00 00    ................
 510    00 00 00 00 00 00 00 00  00 00 00 00 00 00 00 00    ................
 520    00 00 00 00 00 00 00 00  00 00 00 00 00 00 00 00    ................
 530    00 00 00 00 03 ff 08 00  00 00 00 00 00 00 00 00    ................
 540    00 00 00 00 00 00 00 00  00 00 00 00 00 00 00 00    ................
 550    00 00 00 00 00 00 00 00  00 00 00 00 00 00 00 00    ................
 560    00 00 00 00 00 00 00 00  04 00 08 00 00 00 00 00    ................
 570    00 00 00 00 00 00 00 00  00 00 00 00 00 00 00 00    ................
 580    00 00 00 00 00 00 00 00  00 00 00 00 00 00 00 00    ................
 590    00 00 00 00 00 00 00 00  00 00 00 00 04 01 08 00    ................
 5a0    00 00 00 00 00 00 00 00  00 00 00 00 00 00 00 00    ................
 5b0    00 00 00 00 00 00 00 00  00 00 00 00 00 00 00 00    ................
 5c0    00 00 00 00 00 00 00 00  00 00 00 00 00 00 00 00    ................
 5d0    04 02 09 00 00 00 00 00  00 81 04 02 5a 32 30 30    ............Z200
 5e0    30 32 4c 39 20 20 20 20  20 20 20 20 20 20 20 20    02L9            
 5f0    20 20 20 20 20 20 20 20  20 20 20 20 20 20 20 20                    
 600    00 00 00 00 04 03 09 00  00 00 00 00 00 81 04 03    ................
 610    5a 33 30 30 30 32 4c 39  20 20 20 20 20 20 20 20    Z30002L9        
 620    20 20 20 20 20 20 20 20  20 20 20 20 20 20 20 20                    
 630    20 20 20 20 00 00 00 00  04 04 09 00 00 00 00 00        ............
 640    00 81 04 04 53 31 30 30  30 32 4c 39 20 20 20 20    ....S10002L9    
 650    20 20 20 20 20 20 20 20  20 20 20 20 20 20 20 20                    
 660    20 20 20 20 20 20 20 20  00 00 00 00 04 05 09 00            ........
 670    00 00 00 00 00 81 04 05  53 31 30 30 30 31 4c 39    ........S10001L9
 680    20 20 20 20 20 20 20 20  20 20 20 20 20 20 20 20                    
 690    20 20 20 20 20 20 20 20  20 20 20 20 00 00 00 00                ....
 6a0    04 06 09 00 00 00 00 00  00 81 04 06 53 31 30 30    ............S100
 6b0    30 33 4c 39 20 20 20 20  20 20 20 20 20 20 20 20    03L9            
 6c0    20 20 20 20 20 20 20 20  20 20 20 20 20 20 20 20                    
 6d0    00 00 00 00 04 07 09 00  00 00 00 00 00 81 04 07    ................
 6e0    53 32 30 30 30 34 4c 39  20 20 20 20 20 20 20 20    S20004L9        
 6f0    20 20 20 20 20 20 20 20  20 20 20 20 20 20 20 20                    
 700    20 20 20 20 00 00 00 00  04 08 09 00 00 00 00 00        ............
 710    00 81 04 08 53 32 30 30  30 33 4c 39 20 20 20 20    ....S20003L9    
 720    20 20 20 20 20 20 20 20  20 20 20 20 20 20 20 20                    
 730    20 20 20 20 20 20 20 20  00 00 00 00 04 09 09 00            ........
 740    00 00 00 00 00 81 04 09  53 32 30 30 30 32 4c 39    ........S20002L9
 750    20 20 20 20 20 20 20 20  20 20 20 20 20 20 20 20                    
 760    20 20 20 20 20 20 20 20  20 20 20 20 00 00 00 00                ....
 770    04 0a 08 00 00 00 00 00  00 00 00 00 00 00 00 00    ................
 780    00 00 00 00 00 00 00 00  00 00 00 00 00 00 00 00    ................
 790    00 00 00 00 00 00 00 00  00 00 00 00 00 00 00 00    ................
 7a0    00 00 00 00 04 0b 09 00  00 00 00 00 00 81 04 0b    ................
 7b0    53 33 30 30 30 34 4c 39  20 20 20 20 20 20 20 20    S30004L9        
 7c0    20 20 20 20 20 20 20 20  20 20 20 20 20 20 20 20                    
 7d0    20 20 20 20 00 00 00 00  04 0c 09 00 00 00 00 00        ............
 7e0    00 81 04 0c 54 31 30 30  30 31 4c 39 20 20 20 20    ....T10001L9    
 7f0    20 20 20 20 20 20 20 20  20 20 20 20 20 20 20 20                    
 800    20 20 20 20 20 20 20 20  00 00 00 00 04 0d 09 00            ........
 810    00 00 00 00 00 81 04 0d  53 33 30 30 30 33 4c 39    ........S30003L9
 820    20 20 20 20 20 20 20 20  20 20 20 20 20 20 20 20                    
 830    20 20 20 20 20 20 20 20  20 20 20 20 00 00 00 00                ....
 840    04 0e 09 00 00 00 00 00  00 81 04 0e 53 31 30 30    ............S100
 850    30 34 4c 39 20 20 20 20  20 20 20 20 20 20 20 20    04L9            
 860    20 20 20 20 20 20 20 20  20 20 20 20 20 20 20 20                    
 870    00 00 00 00 04 0f 09 00  00 00 00 00 00 01 00 00    ................
 880    4b 33 30 30 30 31 4c 39  20 20 20 20 20 20 20 20    K30001L9        
 890    20 20 20 20 20 20 20 20  20 20 20 20 20 20 20 20                    
 8a0    20 20 20 20 00 00 00 00  04 10 09 00 00 00 00 00        ............
 8b0    00 81 04 10 4b 32 30 30  30 31 4c 39 20 20 20 20    ....K20001L9    
 8c0    20 20 20 20 20 20 20 20  20 20 20 20 20 20 20 20                    
 8d0    20 20 20 20 20 20 20 20  00 00 00 00                        ....

